5
100 70
0 300 450 600 700
300 0 350 550 650
450 350 0 400 500
600 550 400 0 450
700 650 500 450 0
8 5
3 5
2 3
4 6
1 4
5 7
8
40
NP 1 1 1 150
SP 1 2 2 160
EP 1 3 3 170 5
NP 2 4 1 180
SP 2 5 2 190
EP 3 6 3 200 7
NP 3 7 4 210
SP 4 8 5 220
EP 4 9 1 230 6
NP 5 10 4 240
SP 6 11 3 250
EP 6 12 2 260 8
NP 6 13 5 270
SP 7 14 3 280
EP 7 15 2 290 9
NP 8 16 5 300
SP 8 17 4 310
EP 9 18 2 320 4
NP 9 19 1 330
SP 10 20 3 340
EP 11 21 4 350 10
NP 11 22 1 360
SP 12 23 5 370
EP 12 24 4 380 3
NP 13 25 2 390
SP 13 26 1 400
EP 14 27 4 410 2
NP 14 28 3 420
SP 15 29 2 430
EP 15 30 1 440 7
NP 16 31 5 450
SP 16 32 2 460
EP 17 33 1 470 6
NP 17 34 2 480
SP 18 35 4 490
EP 18 36 1 500 8
NP 19 37 3 510
SP 19 38 4 520
EP 20 39 1 530 9
NP 20 40 5 540
2
8 10 4
15 22 1

