5
115 90
0 384 457 619 534
384 0 350 552 638
457 350 0 484 721
619 552 484 0 222
534 638 721 222 0
5 8
4 4
4 9
4 10
3 4
6 7
6
35
NP 1 1 1 154
SP 1 2 2 165
EP 1 3 3 179 2
NP 2 4 1 182
SP 2 5 2 120
EP 3 6 3 250 7
NP 3 7 4 210
SP 4 8 5 220
EP 4 9 1 233 4
NP 5 10 4 240
SP 6 11 3 200
EP 6 12 2 266 8
NP 6 13 5 274
SP 7 14 3 220
EP 7 15 2 290 9
NP 8 16 5 300
SP 8 17 4 310
EP 9 18 2 320 4
NP 9 19 1 330
SP 10 20 3 340
EP 11 21 4 350 10
NP 11 22 1 360
SP 12 23 5 370
EP 12 24 4 380 3
NP 13 25 2 390
SP 13 26 1 400
EP 14 27 4 410 2
NP 14 28 3 420
SP 15 29 2 430
EP 15 30 1 440 7
NP 16 31 5 450
SP 16 32 2 460
EP 17 33 1 470 6
NP 17 34 2 480
SP 18 35 4 490
2
7 10 4
12 19 1

