4
100 95
0 493 430 407
493 0 680 234
430 680 0 46
407 234 46 0
5 8
5 5
2 6
6 6
3 5
9
30
EP 1 1 3 321 3
SP 1 2 4 625
SP 2 3 2 292
NP 2 4 4 127
NP 2 5 2 891
EP 4 6 4 100 5
SP 4 7 1 190
EP 4 8 2 357 1
EP 5 9 2 786 6
SP 5 10 1 321
EP 5 11 1 974 5
SP 5 12 1 178
NP 5 13 3 443
NP 7 14 2 709
SP 7 15 3 125
EP 7 16 2 546 2
EP 7 17 3 301 2
SP 10 18 2 761
SP 10 19 2 185
SP 10 20 2 143
EP 10 21 2 277 4
EP 11 22 4 682 7
NP 11 23 4 203
NP 11 24 3 391
SP 12 25 2 487
NP 12 26 2 667
SP 12 27 3 534
NP 12 28 4 511
EP 13 29 1 370 3
SP 14 30 4 792
3
3 4 4
9 14 2
14 28 4

