4
110 75
0 493 436 401
493 0 683 230
436 683 0 446
401 230 446 0
3 4
3 2
2 1
4 4
1 2
5
30
EP 1 1 3 321 9
SP 1 2 4 640
SP 2 3 2 284
NP 2 4 4 125
NP 2 5 2 847
EP 4 6 4 1000 2
SP 4 7 1 190
EP 4 8 2 357 1
EP 5 9 2 786 10
SP 5 10 1 343
EP 5 11 1 974 5
SP 5 12 1 178
NP 5 13 3 443
NP 7 14 2 709
SP 7 15 3 125
EP 7 16 2 546 2
EP 7 17 3 301 2
SP 10 18 2 761
SP 10 19 2 185
SP 10 20 2 183
EP 10 21 2 277 4
EP 11 22 4 650 7
NP 11 23 4 203
NP 11 24 3 326
SP 12 25 2 487
NP 12 26 2 667
SP 12 27 3 534
NP 12 28 4 512
EP 14 29 1 370 3
SP 14 30 4 798
3
3 4 4
9 14 2
13 28 4

