3
40 50
0 310 470
310 0 250
470 250 0 
7 2
4 5
2 4
4 2
3
30
NP 1 1 1 150
SP 1 2 2 160
EP 2 3 3 170 5
NP 2 4 1 180
SP 2 5 2 190
EP 3 6 3 200 7
NP 3 7 2 210
SP 4 8 3 220
EP 4 9 1 230 6
NP 5 10 1 240
SP 5 11 3 250
EP 6 12 2 260 8
NP 6 13 1 270
SP 7 14 3 280
EP 8 15 2 290 9
NP 8 16 1 300
SP 8 17 3 310
EP 9 18 2 320 4
NP 9 19 1 330
SP 10 20 3 340
EP 10 21 3 350 10
NP 11 22 1 360
SP 12 23 2 370
EP 13 24 1 380 3
NP 13 25 2 390
SP 13 26 1 400
EP 14 27 2 410 2
NP 15 28 3 420
SP 15 29 2 430
EP 15 30 1 440 7
1
4 4 1



