4
110 75
0 498 436 701
498 0 683 130
436 683 0 646
701 130 646 0
5 4
2 2
8 6
1 11
150
SP 349 10 2 917
EP 1 121 1 226 9
EP 56 193 3 522 6
SP 206 149 4 231
EP 357 50 3 500 4
SP 468 254 3 795
NP 294 42 1 297
EP 403 213 3 703 9
EP 406 227 2 501 8
NP 166 242 2 617
NP 379 297 1 316
NP 355 262 4 818
NP 362 56 2 334
SP 221 253 1 761
EP 184 187 1 570 5
NP 481 232 3 159
NP 111 268 2 799
EP 123 184 2 546 2
SP 166 216 2 417
EP 253 264 3 898 3
EP 21 246 1 287 8
NP 469 172 4 841
SP 238 53 2 962
NP 443 127 1 280
EP 372 231 2 306 6
NP 10 290 3 110
EP 236 154 3 984 8
EP 48 128 1 706 10
NP 111 252 3 483
SP 187 71 4 698
NP 229 265 3 738
NP 205 142 1 225
NP 302 273 4 652
NP 84 155 1 329
SP 425 222 2 797
EP 481 142 1 518 2
SP 412 212 2 978
SP 180 181 3 594
NP 320 85 3 831
EP 323 62 2 882 3
EP 485 228 4 288 2
NP 197 18 2 955
EP 48 2 2 387 1
NP 14 248 2 762
SP 43 13 1 195
NP 480 96 4 450
EP 171 265 2 646 5
SP 297 151 3 409
NP 202 12 1 132
EP 477 138 1 868 9
NP 258 22 1 610
NP 4 75 3 999
SP 162 129 2 410
NP 61 97 1 662
SP 203 234 4 447
NP 76 229 2 813
NP 238 24 3 869
EP 216 66 4 788 4
SP 434 279 1 150
SP 491 258 4 221
NP 178 203 4 515
EP 74 177 4 565 5
SP 142 282 2 189
EP 440 72 1 890 1
NP 4 90 1 752
EP 368 115 1 879 4
NP 283 110 1 332
NP 232 77 4 352
SP 275 80 4 376
EP 436 280 3 745 8
SP 475 24 3 112
SP 150 185 1 621
NP 141 232 3 497
EP 19 282 3 564 9
SP 276 103 4 817
NP 229 225 4 104
SP 220 17 3 414
SP 223 63 3 930
EP 214 155 2 182 2
EP 427 227 1 850 9
SP 458 97 2 410
NP 100 22 2 540
SP 111 71 3 165
NP 283 278 4 816
SP 447 6 4 428
NP 254 196 2 401
SP 34 45 2 484
SP 457 231 3 133
SP 487 258 2 103
NP 194 187 2 766
SP 260 195 3 120
SP 280 289 4 686
NP 164 193 3 376
NP 164 109 4 283
EP 145 181 2 207 5
EP 413 45 1 467 3
NP 55 236 4 471
SP 262 147 3 173
NP 38 16 2 347
EP 449 233 4 848 1
NP 356 97 2 986
NP 267 226 3 467
NP 312 177 4 535
NP 198 201 3 756
EP 159 298 4 334 7
SP 322 129 2 446
EP 8 34 3 371 9
EP 478 215 4 889 10
EP 477 269 1 251 4
SP 102 43 1 108
NP 186 279 1 947
SP 135 286 2 130
NP 348 251 1 323
NP 64 87 1 861
NP 195 120 3 156
NP 250 157 1 700
EP 133 197 3 901 2
EP 60 71 3 913 9
EP 145 277 4 650 10
EP 101 38 1 574 5
SP 246 281 4 347
EP 421 117 4 820 3
NP 443 7 2 485
SP 275 206 3 526
EP 418 32 4 211 3
SP 406 211 3 202
SP 416 44 4 721
NP 330 56 2 119
NP 34 77 2 224
NP 35 5 4 125
EP 352 84 3 511 8
EP 340 214 2 959 1
NP 265 53 4 585
SP 13 17 4 940
NP 428 175 2 292
NP 325 82 2 483
EP 449 297 2 476 4
NP 414 61 4 243
EP 348 202 3 953 2
NP 438 89 4 388
SP 135 243 2 744
SP 92 158 1 943
NP 245 272 3 237
EP 40 266 4 1000 2
NP 372 143 1 478
SP 288 121 2 920
SP 324 188 1 142
EP 155 54 1 444 9
SP 307 73 2 346
EP 360 114 2 700 8
7
273 90 1
488 97 1
454 89 4
289 242 2
270 278 4
490 16 2
34 248 2